#inifile: /Users/administer/试验场/Bachelor/Data/clogging/ini_c_w1.5.xml
#Commit date: Tue Mar 5 17:20:48 2019
#Branch: Blockage
#Timestep: 0.02 (s)
#Waiting time: 0 (s)
#Parallel: 1 (1:parallel,0:unparallel)
#Direction: 0 (1:Using direction submodel,0:Not using direction submodel)
#Speed: 0 (1:Using speed submodel,0:Not using speed submodel)
#GCVM: 0 (1:Using GCVM instead of simplest model,0:Using simplest model)
#ID	time(s)	amount
151	5.92	1
3	8.56	2
6	9.04	3
2	9.4	4
5	10.08	5
55	10.54	6
103	10.66	7
356	11.28	8
258	12.44	9
204	12.6	10
359	14.6	11
208	14.74	12
308	15.02	13
157	15.06	14
62	15.18	15
58	15.82	16
310	16.42	17
112	16.64	18
61	16.72	19
158	17.4	20
60	18.08	21
312	18.14	22
14	18.28	23
216	19.52	24
17	20.72	25
64	20.86	26
265	20.96	27
366	21.34	28
364	21.4	29
168	21.64	30
317	21.82	31
165	22.04	32
268	22.62	33
267	22.74	34
13	22.94	35
116	23.16	36
117	24.86	37
19	25.14	38
120	25.26	39
269	25.72	40
170	26.04	41
21	26.58	42
271	27.32	43
274	27.32	44
72	28.38	45
272	28.88	46
23	29.04	47
323	29.1	48
221	29.12	49
373	29.2	50
126	29.96	51
174	30.04	52
376	30.4	53
326	31.4	54
127	31.74	55
377	32.18	56
278	33.46	57
26	33.98	58
281	36.6	59
234	37.8	60
379	37.96	61
380	38.6	62
332	39.2	63
233	39.2	64
31	39.68	65
88	41.5	66
33	41.8	67
132	42.5	68
386	43.42	69
185	44.7	70
339	45.58	71
337	46.14	72
387	47.34	73
292	47.44	74
345	48.24	75
289	48.48	76
92	49.52	77
194	50.88	78
196	51	79
195	52.46	80
45	52.8	81
143	53.18	82
394	53.44	83
193	53.88	84
94	54.22	85
295	54.66	86
249	54.86	87
348	55.54	88
248	55.62	89
298	56.54	90
197	57.74	91
