#inifile: /Users/administer/试验场/Bachelor/Data/clogging/ini_c_w15.xml
#Commit date: Tue Mar 5 17:20:48 2019
#Branch: Blockage
#Timestep: 0.02 (s)
#Waiting time: 0 (s)
#Parallel: 1 (1:parallel,0:unparallel)
#Direction: 0 (1:Using direction submodel,0:Not using direction submodel)
#Speed: 0 (1:Using speed submodel,0:Not using speed submodel)
#GCVM: 0 (1:Using GCVM instead of simplest model,0:Using simplest model)
#ID	time(s)	amount
102	6.32	1
351	6.42	2
153	7.06	3
152	7.78	4
203	7.88	5
305	8.5	6
3	10.26	7
105	12.06	8
212	12.58	9
6	12.74	10
359	14.12	11
363	14.68	12
58	15.28	13
360	16.58	14
10	16.7	15
310	17.38	16
11	17.54	17
61	17.66	18
112	18.04	19
210	18.5	20
14	19.22	21
65	20.24	22
164	21.48	23
264	21.88	24
67	23.4	25
265	23.82	26
219	23.94	27
16	25.06	28
66	25.26	29
173	25.46	30
119	25.72	31
320	25.98	32
319	26.64	33
23	26.88	34
20	27.36	35
369	27.9	36
122	28.76	37
124	30.06	38
174	32.26	39
176	32.56	40
77	33.82	41
276	34.48	42
127	34.5	43
128	34.82	44
26	34.86	45
130	34.96	46
33	35.34	47
179	36.2	48
279	36.72	49
29	37.4	50
281	37.58	51
32	38.86	52
80	40.04	53
131	42.6	54
186	43.26	55
333	43.6	56
337	43.78	57
133	44.3	58
134	44.8	59
236	45.18	60
285	45.34	61
140	45.58	62
335	45.86	63
91	46.62	64
39	46.72	65
388	46.88	66
138	47.2	67
187	47.46	68
338	47.66	69
292	47.68	70
286	48.32	71
237	48.56	72
192	49.56	73
193	49.96	74
142	50.9	75
42	51.26	76
291	51.84	77
342	52.1	78
40	52.48	79
93	52.66	80
246	52.72	81
340	52.92	82
243	53.24	83
343	53.3	84
44	53.52	85
98	53.96	86
295	54.36	87
97	55.02	88
94	55.38	89
48	55.48	90
198	55.58	91
344	55.94	92
45	56.22	93
397	56.88	94
250	58.16	95
349	58.32	96
